29
-1 107 190 316 283 129 341 167 183 265 191 217 182 202 68 0 65 72 188 313 0 243 412 132 0 439 79 234 228 
107 -1 124 76 133 348 184 107 134 199 139 232 435 234 70 61 366 167 60 266 213 152 321 193 404 193 163 391 175 
190 124 -1 152 113 276 67 0 95 182 79 491 417 222 137 392 300 351 185 154 188 134 221 127 176 89 157 107 412 
316 76 152 -1 297 188 221 148 254 67 241 312 292 192 151 202 175 55 316 282 272 217 353 100 106 220 235 322 38 
283 133 113 297 -1 150 169 137 180 42 148 280 424 248 239 46 307 157 336 321 193 248 72 28 79 404 131 331 240 
129 348 276 188 150 -1 108 88 101 278 0 391 116 42 135 160 57 331 509 298 131 46 266 95 161 0 209 254 272 
341 184 67 221 169 108 -1 127 234 271 374 412 337 117 137 319 220 272 222 168 302 72 132 193 165 210 57 302 210 
167 107 0 148 137 88 127 -1 175 146 171 349 273 287 242 112 121 226 392 249 233 438 111 241 141 384 176 368 233 
183 134 95 254 180 101 234 175 -1 251 259 422 77 79 165 163 97 362 386 95 98 213 157 131 95 325 210 149 286 
265 199 182 67 42 278 271 146 251 -1 509 356 190 107 228 322 80 296 0 437 344 0 95 169 187 279 0 106 80 
191 139 79 241 148 0 374 171 259 509 -1 355 137 38 205 240 127 232 233 190 289 206 232 200 254 415 186 384 79 
217 232 491 312 280 391 412 349 422 356 355 -1 374 121 124 232 259 164 438 314 177 365 42 161 103 349 117 186 325 
182 435 417 292 424 116 337 273 77 190 137 374 -1 152 88 314 234 85 254 435 216 89 160 189 279 285 75 0 117 
202 234 222 192 248 42 117 287 79 107 38 121 152 -1 171 287 61 375 202 76 141 209 167 163 215 217 231 69 69 
68 70 137 151 239 135 137 242 165 228 205 124 88 171 -1 238 0 249 439 183 346 368 254 283 117 138 165 191 0 
0 61 392 202 46 160 319 112 163 322 240 232 314 287 238 -1 386 147 235 317 108 286 188 254 359 428 81 59 122 
65 366 300 175 307 57 220 121 97 80 127 259 234 61 0 386 -1 301 254 192 57 278 206 491 216 310 85 35 122 
72 167 351 55 157 331 272 226 362 296 232 164 85 375 249 147 301 -1 210 202 190 360 0 117 308 200 92 125 56 
188 60 185 316 336 509 222 392 386 0 233 438 254 202 439 235 254 210 -1 141 245 333 159 319 322 354 230 167 56 
313 266 154 282 321 298 168 249 95 437 190 314 435 76 183 317 192 202 141 -1 43 284 220 351 133 169 184 255 108 
0 213 188 272 193 131 302 233 98 344 289 177 216 141 346 108 57 190 245 43 -1 201 57 202 180 241 74 44 175 
243 152 134 217 248 46 72 438 213 0 206 365 89 209 368 286 278 360 333 284 201 -1 149 272 312 112 150 309 113 
412 321 221 353 72 266 132 111 157 95 232 42 160 167 254 188 206 0 159 220 57 149 -1 365 287 238 208 245 240 
132 193 127 100 28 95 193 241 131 169 200 161 189 163 283 254 491 117 319 351 202 272 365 -1 112 113 104 169 176 
0 404 176 106 79 161 165 141 95 187 254 103 279 215 117 359 216 308 322 133 180 312 287 112 -1 101 158 327 125 
439 193 89 220 404 0 210 384 325 279 415 349 285 217 138 428 310 200 354 169 241 112 238 113 101 -1 206 246 280 
79 163 157 235 131 209 57 176 210 0 186 117 75 231 165 81 85 92 230 184 74 150 208 104 158 206 -1 335 177 
234 391 107 322 331 254 302 368 149 106 384 186 0 69 191 59 35 125 167 255 44 309 245 169 327 246 335 -1 266 
228 175 412 38 240 272 210 233 286 80 79 325 117 69 0 122 122 56 56 108 175 113 240 176 125 280 177 266 -1 

sum_min=2020
